1759917885290 13.46657986111111 1
1759917886430 13.27126736111111 2
1759917887954 13.795572916666668 3
1759917888994 14.54079861111111 4
1759917890086 14.440104166666668 5
1759917891182 14.636284722222223 6
1759917892806 15.543836805555555 7
1759917893866 16.55034722222222 8
1759917894936 16.950086805555557 9
1759917896039 16.81423611111111 10
1759917897186 17.215711805555557 11
1759917898424 17.672743055555557 12
1759917899849 17.549913194444443 13
1759917901084 17.76388888888889 14
1759917902426 17.76215277777778 15
1759917903590 17.65625 16
1759917904719 15.772135416666666 17
1759917905834 15.057725694444443 18
1759917907274 11.479600694444445 19
1759917908297 10.15234375 20
1759917909389 8.13107638888889 21
1759917910443 11.803819444444445 22
1759917911510 8.870225694444445 23
1759917912570 8.594184027777779 24
1759917913626 7.856336805555555 25
1759917914755 7.987847222222221 26
1759917915827 8.388020833333334 27
1759917916908 8.647135416666666 28
1759917918068 8.792534722222223 29
1759917919216 9.022135416666668 30
1759917920359 9.203559027777777 31
1759917921471 9.370659722222221 32
1759917922761 9.702256944444445 33
1759917923885 10.182725694444445 34
1759917925090 10.692274305555555 35
1759917926237 10.99609375 36
1759917927326 11.54861111111111 37
1759917928469 12.226996527777779 38
1759917929552 12.176649305555555 39
1759917930669 12.85763888888889 40
1759917931761 12.874565972222221 41
1759917932892 12.84765625 42
1759917933966 12.393663194444445 43
1759917935049 11.3125 44
1759917936129 10.046875 45
1759917937480 8.02126736111111 46
1759917938582 9.296006944444445 47
1759917939704 7.110677083333333 48
1759917940886 7.266059027777779 49
1759917941987 7.720486111111111 50
1759917943129 8.104166666666666 51
1759917944314 8.83029513888889 52
1759917945463 9.071180555555555 53
1759917946642 9.401041666666666 54
1759917947701 9.81640625 55
1759917948808 10.592447916666666 56
1759917949933 10.805555555555555 57
1759917951057 11.082465277777779 58
1759917952405 11.732638888888888 59
1759917953724 11.252604166666668 60
1759917955057 10.97482638888889 61
1759917956371 11.63845486111111 62
1759917957711 11.826822916666666 63
1759917959189 11.52517361111111 64
1759917960392 11.083767361111112 65
1759917961672 11.110243055555555 66
1759917962912 10.89279513888889 67
1759917964322 9.805555555555557 68
1759917965546 9.182291666666668 69
1759917966890 8.342881944444445 70
1759917968212 7.465277777777778 71
1759917969472 7.068142361111112 72
1759917970668 4.861979166666667 73
1759917971846 4.005208333333334 74
1759917972988 2.884982638888889 75
1759917974131 3.467447916666667 76
1759917975237 3.2942708333333335 77
1759917976428 2.6888020833333335 78
1759917977568 2.334201388888889 79
1759917978672 2.3441840277777777 80
1759917979825 2.1171875 81
1759917980961 2.5746527777777777 82
1759917982401 2.3745659722222223 83
1759917983611 2.5078125 84
1759917984833 2.817274305555556 85
1759917986041 2.9396701388888893 86
1759917987214 2.7183159722222223 87
1759917988418 2.930989583333333 88
1759917989562 3.094618055555556 89
1759917990713 3.4058159722222223 90
1759917991889 4.116319444444445 91
1759917993074 3.888454861111111 92
1759917994291 4.130642361111111 93
1759917995446 3.6801215277777777 94
1759917996591 3.634548611111111 95
1759917997888 3.5407986111111107 96
1759917999040 3.445746527777778 97
1759918000243 3.099392361111111 98
1759918001461 3.0828993055555554 99
1759918002646 3.1627604166666665 100
1759918003786 3.27734375 101
1759918004961 2.9639756944444446 102
1759918006145 3.4340277777777777 103
1759918007292 3.2287326388888893 104
1759918008494 3.454861111111111 105
1759918009653 3.606336805555556 106
1759918010844 3.7925347222222223 107
1759918012139 4.108072916666667 108
1759918013373 4.244791666666667 109
1759918014542 4.259114583333334 110
1759918015754 4.321614583333333 111
1759918016939 4.842013888888888 112
1759918018105 4.918836805555555 113
1759918019280 4.918402777777778 114
1759918020491 5.167534722222222 115
1759918021637 5.172309027777778 116
1759918022862 5.572916666666667 117
1759918024080 5.935329861111112 118
1759918025263 6.358940972222222 119
1759918026463 6.13671875 120
1759918027907 6.595486111111111 121
1759918029099 7.449652777777778 122
1759918030290 7.600260416666667 123
1759918031506 7.819444444444444 124
1759918032693 8.547743055555555 125
1759918033935 8.888020833333334 126
1759918035120 9.241319444444445 127
1759918036299 9.018229166666666 128
1759918037482 9.398003472222221 129
1759918038807 9.72092013888889 130
1759918040002 10.231770833333332 131
1759918042105 11.08767361111111 132
