1759917884910 100.0 0
1759917886004 100.0 0
1759917887547 100.0 0
1759917888603 100.0 0
1759917889683 100.0 0
1759917890754 100.0 0
1759917892356 100.0 0
1759917893462 100.0 0
1759917894533 100.0 0
1759917895594 100.0 0
1759917896743 100.0 0
1759917897954 100.0 0
1759917899323 100.0 0
1759917900631 100.0 0
1759917901931 100.0 0
1759917903165 100.0 0
1759917904311 100.0 0
1759917905427 100.0 0
1759917906750 100.0 0
1759917907890 100.0 0
1759917908985 95.23809523809523 0
1759917910032 90.9090909090909 0
1759917911102 86.95652173913044 0
1759917912156 83.33333333333334 0
1759917913218 84.0 0
1759917914330 84.61538461538461 0
1759917915421 85.18518518518519 0
1759917916476 85.71428571428571 0
1759917917633 86.20689655172413 0
1759917918783 86.66666666666667 0
1759917919936 87.09677419354838 0
1759917921047 87.5 0
1759917922340 87.87878787878788 0
1759917923452 88.23529411764706 0
1759917924654 88.57142857142857 0
1759917925796 88.88888888888889 0
1759917926904 89.1891891891892 0
1759917928054 89.47368421052632 0
1759917929134 89.74358974358975 0
1759917930231 90.0 0
1759917931350 87.8048780487805 0
1759917932428 85.71428571428571 0
1759917933545 83.72093023255815 0
1759917934626 81.81818181818183 0
1759917935697 80.0 0
1759917937001 78.26086956521739 0
1759917938149 76.59574468085107 0
1759917939252 75.0 0
1759917940447 73.46938775510205 0
1759917941552 72.0 0
1759917942687 70.58823529411765 0
1759917943840 69.23076923076923 0
1759917945008 67.9245283018868 0
1759917946210 66.66666666666666 0
1759917947273 65.45454545454545 0
1759917948363 64.28571428571429 0
1759917949496 63.1578947368421 0
1759917950617 62.06896551724138 0
1759917951887 61.016949152542374 0
1759917953179 60.0 0
1759917954508 59.01639344262295 0
1759917955849 58.06451612903226 0
1759917957146 57.14285714285714 0
1759917958606 56.25 0
1759917959932 55.38461538461539 0
1759917961189 54.54545454545454 0
1759917962440 53.73134328358209 0
1759917963752 52.94117647058824 0
1759917965081 52.17391304347826 0
1759917966292 51.42857142857142 0
1759917967708 50.70422535211267 0
1759917968992 50.0 0
1759917970219 49.31506849315068 0
1759917971385 48.64864864864865 0
1759917972547 48.0 0
1759917973687 48.68421052631579 0
1759917974778 49.35064935064935 0
1759917975971 48.717948717948715 0
1759917977124 48.10126582278481 0
1759917978217 47.5 0
1759917979377 46.913580246913575 0
1759917980524 46.34146341463415 0
1759917981690 45.78313253012048 0
1759917983144 45.23809523809524 0
1759917984340 44.70588235294118 0
1759917985586 44.18604651162791 0
1759917986751 43.67816091954023 0
1759917987957 43.18181818181818 0
1759917989099 43.82022471910113 0
1759917990249 44.44444444444444 0
1759917991430 45.05494505494506 0
1759917992594 45.65217391304348 0
1759917993826 46.236559139784944 0
1759917994984 46.808510638297875 0
1759917996115 47.368421052631575 0
1759917997435 47.91666666666667 0
1759917998572 48.45360824742268 0
1759917999729 48.97959183673469 0
1759918000967 49.494949494949495 0
1759918002177 50.0 0
1759918003328 50.495049504950494 0
1759918004485 50.0 0
1759918005644 50.48543689320388 0
1759918006817 50.96153846153846 0
1759918008014 51.42857142857142 0
1759918009184 51.886792452830186 0
1759918010382 52.336448598130836 0
1759918011572 52.77777777777778 0
1759918012876 53.21100917431193 0
1759918014060 53.63636363636364 0
1759918015280 54.054054054054056 0
1759918016468 54.46428571428571 0
1759918017623 54.86725663716814 0
1759918018811 54.385964912280706 0
1759918020013 53.91304347826087 0
1759918021171 53.44827586206896 0
1759918022369 52.991452991452995 0
1759918023598 53.38983050847458 0
1759918024798 53.78151260504202 0
1759918025998 53.333333333333336 0
1759918027409 52.892561983471076 0
1759918028625 52.459016393442624 0
1759918029798 52.03252032520326 0
1759918031018 51.61290322580645 0
1759918032216 51.2 0
1759918033417 50.79365079365079 0
1759918034649 50.39370078740157 0
1759918035828 50.78125 0
1759918036992 51.162790697674424 0
1759918038203 51.53846153846153 0
1759918039523 51.908396946564885 0
1759918041008 52.27272727272727 0
