1759917884802 0.0 0
1759917885849 0.0 0
1759917887399 0.0 0
1759917888461 0.0 0
1759917889521 0.0 0
1759917890603 0.0 0
1759917892191 0.0 0
1759917893325 0.0 0
1759917894392 0.0 0
1759917895447 0.0 0
1759917896598 0.0 0
1759917897800 0.0 0
1759917899106 0.0 0
1759917900484 0.0 0
1759917901763 0.0 0
1759917903002 0.0 0
1759917904176 0.0 0
1759917905281 0.0 0
1759917906478 0.0 0
1759917907760 0.0 0
1759917908847 1.0 0
1759917909892 2.0 0
1759917910966 3.0 0
1759917912016 4.0 0
1759917913079 4.0 0
1759917914180 4.0 0
1759917915282 4.0 0
1759917916337 4.0 0
1759917917487 4.0 0
1759917918630 4.0 0
1759917919797 4.0 0
1759917920910 4.0 0
1759917922169 4.0 0
1759917923306 4.0 0
1759917924504 4.0 0
1759917925653 4.0 0
1759917926763 4.0 0
1759917927901 4.0 0
1759917928995 4.0 0
1759917930078 4.0 0
1759917931205 5.0 0
1759917932281 6.0 0
1759917933392 7.0 0
1759917934492 8.0 0
1759917935559 9.0 0
1759917936826 10.0 0
1759917937999 11.0 0
1759917939105 12.0 0
1759917940282 13.0 0
1759917941392 14.0 0
1759917942540 15.0 0
1759917943680 16.0 0
1759917944858 17.0 0
1759917946047 18.0 0
1759917947133 19.0 0
1759917948205 20.0 0
1759917949345 21.0 0
1759917950468 22.0 0
1759917951649 23.0 0
1759917953017 24.0 0
1759917954338 25.0 0
1759917955677 26.0 0
1759917956976 27.0 0
1759917958429 28.0 0
1759917959779 29.0 0
1759917961015 30.0 0
1759917962276 31.0 0
1759917963533 32.0 0
1759917964926 33.0 0
1759917966123 34.0 0
1759917967551 35.0 0
1759917968836 36.0 0
1759917970053 37.0 0
1759917971230 38.0 0
1759917972398 38.0 0
1759917973540 38.0 0
1759917974634 38.0 0
1759917975812 39.0 0
1759917976969 40.0 0
1759917978068 41.0 0
1759917979217 42.0 0
1759917980370 43.0 0
1759917981541 44.0 0
1759917982987 45.0 0
1759917984182 46.0 0
1759917985430 47.0 0
1759917986598 48.0 0
1759917987793 49.0 0
1759917988946 49.0 0
1759917990090 49.0 0
1759917991282 49.0 0
1759917992433 49.0 0
1759917993670 49.0 0
1759917994831 49.0 0
1759917995947 49.0 0
1759917997246 49.0 0
1759917998414 49.0 0
1759917999568 49.0 0
1759918000800 49.0 0
1759918002016 49.0 0
1759918003160 49.0 0
1759918004331 50.0 0
1759918005461 50.0 0
1759918006664 50.0 0
1759918007847 50.0 0
1759918009019 50.0 0
1759918010222 50.0 0
1759918011397 50.0 0
1759918012710 50.0 0
1759918013889 50.0 0
1759918015115 50.0 0
1759918016303 50.0 0
1759918017461 50.0 0
1759918018657 51.0 0
1759918019835 52.0 0
1759918021015 53.0 0
1759918022212 54.0 0
1759918023426 54.0 0
1759918024644 54.0 0
1759918025842 55.0 0
1759918027193 56.0 0
1759918028459 57.0 0
1759918029643 58.0 0
1759918030861 59.0 0
1759918032050 60.0 0
1759918033250 61.0 0
1759918034474 62.0 0
1759918035663 62.0 0
1759918036836 62.0 0
1759918038036 62.0 0
1759918039363 62.0 0
1759918040629 62.0 0
