1759917884735 1.0 0
1759917885744 2.0 0
1759917887277 3.0 0
1759917888365 4.0 0
1759917889425 5.0 0
1759917890496 6.0 0
1759917892057 7.0 0
1759917893229 8.0 0
1759917894292 9.0 0
1759917895349 10.0 0
1759917896491 11.0 0
1759917897678 12.0 0
1759917898955 13.0 0
1759917900352 14.0 0
1759917901634 15.0 0
1759917902892 16.0 0
1759917904082 17.0 0
1759917905185 18.0 0
1759917906331 19.0 0
1759917907671 20.0 0
1759917908746 21.0 0
1759917909800 22.0 0
1759917910870 23.0 0
1759917911923 24.0 0
1759917912990 25.0 0
1759917914066 26.0 0
1759917915188 27.0 0
1759917916240 28.0 0
1759917917390 29.0 0
1759917918522 30.0 0
1759917919704 31.0 0
1759917920807 32.0 0
1759917922029 33.0 0
1759917923200 34.0 0
1759917924402 35.0 0
1759917925558 36.0 0
1759917926668 37.0 0
1759917927782 38.0 0
1759917928907 39.0 0
1759917929977 40.0 0
1759917931109 41.0 0
1759917932181 42.0 0
1759917933293 43.0 0
1759917934395 44.0 0
1759917935466 45.0 0
1759917936584 46.0 0
1759917937906 47.0 0
1759917938997 48.0 0
1759917940165 49.0 0
1759917941299 50.0 0
1759917942430 51.0 0
1759917943576 52.0 0
1759917944750 53.0 0
1759917945941 54.0 0
1759917947037 55.0 0
1759917948103 56.0 0
1759917949248 57.0 0
1759917950359 58.0 0
1759917951495 59.0 0
1759917952898 60.0 0
1759917954202 61.0 0
1759917955553 62.0 0
1759917956855 63.0 0
1759917958297 64.0 0
1759917959676 65.0 0
1759917960899 66.0 0
1759917962162 67.0 0
1759917963403 68.0 0
1759917964821 69.0 0
1759917966014 70.0 0
1759917967432 71.0 0
1759917968719 72.0 0
1759917969944 73.0 0
1759917971111 74.0 0
1759917972295 75.0 0
1759917973440 76.0 0
1759917974537 77.0 0
1759917975700 78.0 0
1759917976869 79.0 0
1759917977972 80.0 0
1759917979112 81.0 0
1759917980263 82.0 0
1759917981437 83.0 0
1759917982881 84.0 0
1759917984071 85.0 0
1759917985314 86.0 0
1759917986483 87.0 0
1759917987678 88.0 0
1759917988846 89.0 0
1759917989978 90.0 0
1759917991177 91.0 0
1759917992309 92.0 0
1759917993552 93.0 0
1759917994728 94.0 0
1759917995845 95.0 0
1759917997120 96.0 0
1759917998307 97.0 0
1759917999469 98.0 0
1759918000680 99.0 0
1759918001909 100.0 0
1759918003047 101.0 0
1759918004215 102.0 0
1759918005361 103.0 0
1759918006552 104.0 0
1759918007720 105.0 0
1759918008919 106.0 0
1759918010096 107.0 0
1759918011291 108.0 0
1759918012605 109.0 0
1759918013785 110.0 0
1759918014993 111.0 0
1759918016190 112.0 0
1759918017355 113.0 0
1759918018552 114.0 0
1759918019725 115.0 0
1759918020898 116.0 0
1759918022100 117.0 0
1759918023290 118.0 0
1759918024538 119.0 0
1759918025726 120.0 0
1759918027024 121.0 0
1759918028354 122.0 0
1759918029540 123.0 0
1759918030749 124.0 0
1759918031925 125.0 0
1759918033137 126.0 0
1759918034361 127.0 0
1759918035550 128.0 0
1759918036730 129.0 0
1759918037924 130.0 0
1759918039250 131.0 0
1759918040469 132.0 0
