1759917884835 0.0 0
1759917885902 0.0 0
1759917887455 0.0 0
1759917888509 0.0 0
1759917889582 0.0 0
1759917890655 0.0 0
1759917892250 0.0 0
1759917893376 0.0 0
1759917894441 0.0 0
1759917895500 0.0 0
1759917896649 0.0 0
1759917897854 0.0 0
1759917899175 0.0 0
1759917900535 0.0 0
1759917901814 0.0 0
1759917903060 0.0 0
1759917904224 0.0 0
1759917905335 0.0 0
1759917906629 0.0 0
1759917907804 0.0 0
1759917908893 0.0 0
1759917909941 0.0 0
1759917911012 0.0 0
1759917912064 0.0 0
1759917913126 0.0 0
1759917914231 0.0 0
1759917915332 0.0 0
1759917916385 0.0 0
1759917917541 0.0 0
1759917918686 0.0 0
1759917919843 0.0 0
1759917920956 0.0 0
1759917922225 0.0 0
1759917923357 0.0 0
1759917924556 0.0 0
1759917925701 0.0 0
1759917926815 0.0 0
1759917927957 0.0 0
1759917929042 0.0 0
1759917930130 0.0 0
1759917931253 0.0 0
1759917932327 0.0 0
1759917933441 0.0 0
1759917934538 0.0 0
1759917935604 0.0 0
1759917936886 0.0 0
1759917938051 0.0 0
1759917939154 0.0 0
1759917940346 0.0 0
1759917941443 0.0 0
1759917942590 0.0 0
1759917943726 0.0 0
1759917944910 0.0 0
1759917946102 0.0 0
1759917947180 0.0 0
1759917948255 0.0 0
1759917949397 0.0 0
1759917950518 0.0 0
1759917951765 0.0 0
1759917953077 0.0 0
1759917954397 0.0 0
1759917955739 0.0 0
1759917957036 0.0 0
1759917958494 0.0 0
1759917959830 0.0 0
1759917961075 0.0 0
1759917962329 0.0 0
1759917963595 0.0 0
1759917964976 0.0 0
1759917966187 0.0 0
1759917967606 0.0 0
1759917968887 0.0 0
1759917970117 0.0 0
1759917971284 0.0 0
1759917972450 1.0 0
1759917973589 1.0 0
1759917974683 1.0 0
1759917975868 1.0 0
1759917977023 1.0 0
1759917978118 1.0 0
1759917979272 1.0 0
1759917980420 1.0 0
1759917981591 1.0 0
1759917983041 1.0 0
1759917984236 1.0 0
1759917985481 1.0 0
1759917986649 1.0 0
1759917987850 1.0 0
1759917988997 1.0 0
1759917990149 1.0 0
1759917991331 1.0 0
1759917992489 1.0 0
1759917993727 1.0 0
1759917994883 1.0 0
1759917996001 1.0 0
1759917997321 1.0 0
1759917998468 1.0 0
1759917999619 1.0 0
1759918000859 1.0 0
1759918002071 1.0 0
1759918003220 1.0 0
1759918004382 1.0 0
1759918005518 1.0 0
1759918006715 1.0 0
1759918007903 1.0 0
1759918009072 1.0 0
1759918010278 1.0 0
1759918011459 1.0 0
1759918012766 1.0 0
1759918013950 1.0 0
1759918015171 1.0 0
1759918016360 1.0 0
1759918017514 1.0 0
1759918018707 1.0 0
1759918019903 1.0 0
1759918021067 1.0 0
1759918022267 1.0 0
1759918023490 1.0 0
1759918024697 1.0 0
1759918025895 1.0 0
1759918027271 1.0 0
1759918028521 1.0 0
1759918029694 1.0 0
1759918030912 1.0 0
1759918032105 1.0 0
1759918033307 1.0 0
1759918034538 1.0 0
1759918035719 1.0 0
1759918036887 1.0 0
1759918038094 1.0 0
1759918039417 1.0 0
1759918040691 1.0 0
