1759917884770 1.0 0
1759917885796 2.0 0
1759917887339 3.0 0
1759917888411 4.0 0
1759917889473 5.0 0
1759917890551 6.0 0
1759917892120 7.0 0
1759917893279 8.0 0
1759917894345 9.0 0
1759917895401 10.0 0
1759917896544 11.0 0
1759917897739 12.0 0
1759917899028 13.0 0
1759917900421 14.0 0
1759917901698 15.0 0
1759917902944 16.0 0
1759917904131 17.0 0
1759917905230 18.0 0
1759917906393 19.0 0
1759917907714 20.0 0
1759917908800 20.0 0
1759917909845 20.0 0
1759917910919 20.0 0
1759917911970 20.0 0
1759917913032 21.0 0
1759917914120 22.0 0
1759917915234 23.0 0
1759917916287 24.0 0
1759917917436 25.0 0
1759917918574 26.0 0
1759917919750 27.0 0
1759917920859 28.0 0
1759917922100 29.0 0
1759917923250 30.0 0
1759917924453 31.0 0
1759917925603 32.0 0
1759917926714 33.0 0
1759917927842 34.0 0
1759917928951 35.0 0
1759917930026 36.0 0
1759917931157 36.0 0
1759917932235 36.0 0
1759917933341 36.0 0
1759917934442 36.0 0
1759917935511 36.0 0
1759917936753 36.0 0
1759917937951 36.0 0
1759917939052 36.0 0
1759917940222 36.0 0
1759917941345 36.0 0
1759917942491 36.0 0
1759917943626 36.0 0
1759917944805 36.0 0
1759917945991 36.0 0
1759917947085 36.0 0
1759917948152 36.0 0
1759917949296 36.0 0
1759917950416 36.0 0
1759917951558 36.0 0
1759917952958 36.0 0
1759917954272 36.0 0
1759917955617 36.0 0
1759917956918 36.0 0
1759917958364 36.0 0
1759917959725 36.0 0
1759917960952 36.0 0
1759917962220 36.0 0
1759917963472 36.0 0
1759917964874 36.0 0
1759917966068 36.0 0
1759917967491 36.0 0
1759917968775 36.0 0
1759917969996 36.0 0
1759917971176 36.0 0
1759917972344 36.0 0
1759917973491 37.0 0
1759917974585 38.0 0
1759917975753 38.0 0
1759917976918 38.0 0
1759917978019 38.0 0
1759917979164 38.0 0
1759917980320 38.0 0
1759917981489 38.0 0
1759917982933 38.0 0
1759917984127 38.0 0
1759917985374 38.0 0
1759917986546 38.0 0
1759917987732 38.0 0
1759917988897 39.0 0
1759917990029 40.0 0
1759917991231 41.0 0
1759917992372 42.0 0
1759917993606 43.0 0
1759917994779 44.0 0
1759917995895 45.0 0
1759917997186 46.0 0
1759917998360 47.0 0
1759917999517 48.0 0
1759918000745 49.0 0
1759918001965 50.0 0
1759918003102 51.0 0
1759918004273 51.0 0
1759918005410 52.0 0
1759918006614 53.0 0
1759918007788 54.0 0
1759918008969 55.0 0
1759918010159 56.0 0
1759918011343 57.0 0
1759918012657 58.0 0
1759918013838 59.0 0
1759918015055 60.0 0
1759918016247 61.0 0
1759918017408 62.0 0
1759918018605 62.0 0
1759918019778 62.0 0
1759918020963 62.0 0
1759918022159 62.0 0
1759918023358 63.0 0
1759918024592 64.0 0
1759918025790 64.0 0
1759918027120 64.0 0
1759918028406 64.0 0
1759918029592 64.0 0
1759918030808 64.0 0
1759918031985 64.0 0
1759918033191 64.0 0
1759918034419 64.0 0
1759918035608 65.0 0
1759918036785 66.0 0
1759918037980 67.0 0
1759918039307 68.0 0
1759918040544 69.0 0
