1759917884873 0.0 0
1759917885949 0.0 0
1759917887501 0.0 0
1759917888557 0.0 0
1759917889634 0.0 0
1759917890702 0.0 0
1759917892303 0.0 0
1759917893421 0.0 0
1759917894490 0.0 0
1759917895548 0.0 0
1759917896695 0.0 0
1759917897903 0.0 0
1759917899240 0.0 0
1759917900581 0.0 0
1759917901866 0.0 0
1759917903115 0.0 0
1759917904268 0.0 0
1759917905383 0.0 0
1759917906697 0.0 0
1759917907847 0.0 0
1759917908939 0.0 0
1759917909988 0.0 0
1759917911057 0.0 0
1759917912110 0.0 0
1759917913172 0.0 0
1759917914278 0.0 0
1759917915377 0.0 0
1759917916430 0.0 0
1759917917586 0.0 0
1759917918734 0.0 0
1759917919891 0.0 0
1759917921004 0.0 0
1759917922282 0.0 0
1759917923406 0.0 0
1759917924604 0.0 0
1759917925748 0.0 0
1759917926859 0.0 0
1759917928006 0.0 0
1759917929090 0.0 0
1759917930185 0.0 0
1759917931306 0.0 0
1759917932375 0.0 0
1759917933492 0.0 0
1759917934583 0.0 0
1759917935649 0.0 0
1759917936943 0.0 0
1759917938098 0.0 0
1759917939202 0.0 0
1759917940394 0.0 0
1759917941498 0.0 0
1759917942638 0.0 0
1759917943777 0.0 0
1759917944960 0.0 0
1759917946152 0.0 0
1759917947229 0.0 0
1759917948307 0.0 0
1759917949447 0.0 0
1759917950568 0.0 0
1759917951828 0.0 0
1759917953127 0.0 0
1759917954448 0.0 0
1759917955795 0.0 0
1759917957090 0.0 0
1759917958550 0.0 0
1759917959882 0.0 0
1759917961132 0.0 0
1759917962381 0.0 0
1759917963654 0.0 0
1759917965026 0.0 0
1759917966237 0.0 0
1759917967656 0.0 0
1759917968941 0.0 0
1759917970171 0.0 0
1759917971334 0.0 0
1759917972498 0.0 0
1759917973638 0.0 0
1759917974732 0.0 0
1759917975920 0.0 0
1759917977073 0.0 0
1759917978167 0.0 0
1759917979322 0.0 0
1759917980470 0.0 0
1759917981640 0.0 0
1759917983093 0.0 0
1759917984286 0.0 0
1759917985531 0.0 0
1759917986699 0.0 0
1759917987903 0.0 0
1759917989048 0.0 0
1759917990198 0.0 0
1759917991381 0.0 0
1759917992544 0.0 0
1759917993775 0.0 0
1759917994933 0.0 0
1759917996061 0.0 0
1759917997376 0.0 0
1759917998521 0.0 0
1759917999672 0.0 0
1759918000912 0.0 0
1759918002125 0.0 0
1759918003273 0.0 0
1759918004432 0.0 0
1759918005582 0.0 0
1759918006764 0.0 0
1759918007954 0.0 0
1759918009129 0.0 0
1759918010328 0.0 0
1759918011512 0.0 0
1759918012817 0.0 0
1759918014005 0.0 0
1759918015227 0.0 0
1759918016413 0.0 0
1759918017568 0.0 0
1759918018758 0.0 0
1759918019957 0.0 0
1759918021118 0.0 0
1759918022318 0.0 0
1759918023547 0.0 0
1759918024747 0.0 0
1759918025945 0.0 0
1759918027344 0.0 0
1759918028572 0.0 0
1759918029747 0.0 0
1759918030965 0.0 0
1759918032163 0.0 0
1759918033362 0.0 0
1759918034592 0.0 0
1759918035772 0.0 0
1759918036940 0.0 0
1759918038148 0.0 0
1759918039469 0.0 0
1759918040780 0.0 0
