1759917885404 4.0 1
1759917886516 4.0 2
1759917888053 4.0 3
1759917889083 4.0 4
1759917890177 4.0 5
1759917891307 4.0 6
1759917892898 4.0 7
1759917893962 4.0 8
1759917895026 4.0 9
1759917896136 4.0 10
1759917897294 4.0 11
1759917898535 4.0 12
1759917899957 4.0 13
1759917901190 4.0 14
1759917902521 4.0 15
1759917903698 4.0 16
1759917904808 4.0 17
1759917905921 4.0 18
1759917907358 4.0 19
1759917908384 4.0 20
1759917909481 3.0 21
1759917910537 3.0 22
1759917911599 3.0 23
1759917912661 3.0 24
1759917913718 4.0 25
1759917914848 4.0 26
1759917915918 4.0 27
1759917917006 4.0 28
1759917918167 4.0 29
1759917919316 4.0 30
1759917920458 4.0 31
1759917921650 4.0 32
1759917922858 4.0 33
1759917923994 4.0 34
1759917925191 4.0 35
1759917926331 4.0 36
1759917927420 4.0 37
1759917928568 4.0 38
1759917929640 4.0 39
1759917930762 4.0 40
1759917931852 3.0 41
1759917932990 3.0 42
1759917934061 3.0 43
1759917935139 3.0 44
1759917936230 3.0 45
1759917937576 3.0 46
1759917938680 3.0 47
1759917939810 3.0 48
1759917940981 3.0 49
1759917942092 3.0 50
1759917943225 3.0 51
1759917944427 3.0 52
1759917945560 3.0 53
1759917946740 3.0 54
1759917947796 3.0 55
1759917948906 3.0 56
1759917950035 3.0 57
1759917951165 3.0 58
1759917952505 3.0 59
1759917953846 3.0 60
1759917955168 3.0 61
1759917956485 3.0 62
1759917957880 3.0 63
1759917959320 3.0 64
1759917960497 3.0 65
1759917961772 3.0 66
1759917963015 3.0 67
1759917964451 3.0 68
1759917965655 3.0 69
1759917967003 3.0 70
1759917968334 3.0 71
1759917969576 3.0 72
1759917970772 3.0 73
1759917971952 3.0 74
1759917973093 2.0 75
1759917974236 4.0 76
1759917975337 4.0 77
1759917976530 3.0 78
1759917977670 3.0 79
1759917978777 3.0 80
1759917979927 3.0 81
1759917981063 3.0 82
1759917982521 3.0 83
1759917983717 3.0 84
1759917984937 3.0 85
1759917986145 3.0 86
1759917987320 3.0 87
1759917988522 3.0 88
1759917989664 4.0 89
1759917990813 4.0 90
1759917991992 4.0 91
1759917993178 4.0 92
1759917994395 4.0 93
1759917995560 4.0 94
1759917996693 4.0 95
1759917997990 4.0 96
1759917999154 4.0 97
1759918000349 4.0 98
1759918001567 4.0 99
1759918002747 4.0 100
1759918003886 4.0 101
1759918005059 3.0 102
1759918006244 4.0 103
1759918007398 4.0 104
1759918008595 4.0 105
1759918009758 4.0 106
1759918010949 4.0 107
1759918012269 4.0 108
1759918013476 4.0 109
1759918014644 4.0 110
1759918015857 4.0 111
1759918017045 4.0 112
1759918018207 4.0 113
1759918019387 3.0 114
1759918020594 3.0 115
1759918021744 3.0 116
1759918022964 3.0 117
1759918024183 4.0 118
1759918025369 4.0 119
1759918026586 3.0 120
1759918028011 3.0 121
1759918029207 3.0 122
1759918030414 3.0 123
1759918031610 3.0 124
1759918032802 3.0 125
1759918034044 3.0 126
1759918035231 3.0 127
1759918036407 4.0 128
1759918037589 4.0 129
1759918038918 4.0 130
1759918040111 4.0 131
1759918042221 4.0 132
