1759917885350 70.0 1
1759917886474 70.0 2
1759917888006 70.0 3
1759917889036 70.0 4
1759917890134 70.0 5
1759917891242 70.0 6
1759917892855 85.0 7
1759917893913 85.0 8
1759917894980 85.0 9
1759917896087 85.0 10
1759917897237 85.0 11
1759917898479 85.0 12
1759917899908 85.0 13
1759917901137 85.0 14
1759917902474 85.0 15
1759917903647 70.0 16
1759917904762 85.0 17
1759917905877 70.0 18
1759917907316 70.0 19
1759917908339 70.0 20
1759917909433 55.0 21
1759917910487 55.0 22
1759917911554 55.0 23
1759917912613 55.0 24
1759917913672 60.0 25
1759917914803 60.0 26
1759917915872 70.0 27
1759917916957 70.0 28
1759917918115 70.0 29
1759917919266 70.0 30
1759917920405 70.0 31
1759917921556 70.0 32
1759917922814 70.0 33
1759917923940 70.0 34
1759917925140 70.0 35
1759917926284 70.0 36
1759917927373 70.0 37
1759917928520 70.0 38
1759917929597 70.0 39
1759917930715 70.0 40
1759917931807 55.0 41
1759917932942 55.0 42
1759917934013 55.0 43
1759917935092 55.0 44
1759917936176 55.0 45
1759917937529 55.0 46
1759917938633 55.0 47
1759917939759 45.0 48
1759917940937 45.0 49
1759917942043 45.0 50
1759917943177 55.0 51
1759917944369 55.0 52
1759917945513 55.0 53
1759917946687 55.0 54
1759917947747 55.0 55
1759917948857 55.0 56
1759917949981 55.0 57
1759917951110 55.0 58
1759917952455 55.0 59
1759917953787 55.0 60
1759917955113 55.0 61
1759917956431 55.0 62
1759917957795 55.0 63
1759917959247 55.0 64
1759917960444 55.0 65
1759917961721 55.0 66
1759917962966 55.0 67
1759917964377 55.0 68
1759917965596 55.0 69
1759917966946 55.0 70
1759917968272 45.0 71
1759917969527 45.0 72
1759917970720 45.0 73
1759917971898 45.0 74
1759917973038 35.0 75
1759917974180 60.0 76
1759917975285 60.0 77
1759917976480 50.0 78
1759917977621 50.0 79
1759917978723 50.0 80
1759917979875 50.0 81
1759917981012 50.0 82
1759917982462 50.0 83
1759917983665 50.0 84
1759917984887 50.0 85
1759917986092 50.0 86
1759917987267 50.0 87
1759917988474 50.0 88
1759917989613 60.0 89
1759917990765 60.0 90
1759917991940 60.0 91
1759917993126 60.0 92
1759917994344 60.0 93
1759917995505 60.0 94
1759917996644 60.0 95
1759917997942 60.0 96
1759917999102 60.0 97
1759918000296 60.0 98
1759918001516 60.0 99
1759918002697 60.0 100
1759918003837 60.0 101
1759918005011 50.0 102
1759918006193 60.0 103
1759918007346 60.0 104
1759918008545 60.0 105
1759918009706 60.0 106
1759918010899 60.0 107
1759918012197 60.0 108
1759918013425 60.0 109
1759918014594 60.0 110
1759918015807 60.0 111
1759918016991 60.0 112
1759918018156 60.0 113
1759918019332 45.0 114
1759918020544 45.0 115
1759918021692 45.0 116
1759918022914 45.0 117
1759918024130 60.0 118
1759918025316 60.0 119
1759918026523 45.0 120
1759918027958 45.0 121
1759918029153 45.0 122
1759918030344 45.0 123
1759918031560 45.0 124
1759918032750 55.0 125
1759918033988 55.0 126
1759918035176 55.0 127
1759918036352 70.0 128
1759918037536 70.0 129
1759918038862 70.0 130
1759918040061 70.0 131
1759918042164 70.0 132
