1759917884946 0.0 0
1759917886056 0.0 0
1759917887590 0.0 0
1759917888652 0.0 0
1759917889734 0.0 0
1759917890801 0.0 0
1759917892404 0.0 0
1759917893512 0.0 0
1759917894577 0.0 0
1759917895647 0.0 0
1759917896792 0.0 0
1759917898004 0.0 0
1759917899398 0.0 0
1759917900681 0.0 0
1759917901998 0.0 0
1759917903218 0.0 0
1759917904359 0.0 0
1759917905477 0.0 0
1759917906809 0.0 0
1759917907939 0.0 0
1759917909032 4.761904761904762 0
1759917910078 9.090909090909092 0
1759917911147 13.043478260869565 0
1759917912201 16.666666666666664 0
1759917913267 16.0 0
1759917914379 15.384615384615385 0
1759917915471 14.814814814814813 0
1759917916528 14.285714285714285 0
1759917917682 13.793103448275861 0
1759917918838 13.333333333333334 0
1759917919983 12.903225806451612 0
1759917921095 12.5 0
1759917922388 12.121212121212121 0
1759917923503 11.76470588235294 0
1759917924705 11.428571428571429 0
1759917925851 11.11111111111111 0
1759917926960 10.81081081081081 0
1759917928103 10.526315789473683 0
1759917929185 10.256410256410255 0
1759917930284 10.0 0
1759917931401 12.195121951219512 0
1759917932493 14.285714285714285 0
1759917933595 16.27906976744186 0
1759917934676 18.181818181818183 0
1759917935750 20.0 0
1759917937058 21.73913043478261 0
1759917938204 23.404255319148938 0
1759917939304 25.0 0
1759917940497 26.53061224489796 0
1759917941604 28.000000000000004 0
1759917942739 29.411764705882355 0
1759917943901 30.76923076923077 0
1759917945061 32.075471698113205 0
1759917946261 33.33333333333333 0
1759917947324 34.54545454545455 0
1759917948419 35.714285714285715 0
1759917949548 36.84210526315789 0
1759917950670 37.93103448275862 0
1759917951942 38.983050847457626 0
1759917953231 40.0 0
1759917954564 40.98360655737705 0
1759917955898 41.935483870967744 0
1759917957198 42.857142857142854 0
1759917958661 43.75 0
1759917959983 44.61538461538462 0
1759917961244 45.45454545454545 0
1759917962494 46.26865671641791 0
1759917963840 47.05882352941176 0
1759917965137 47.82608695652174 0
1759917966346 48.57142857142857 0
1759917967767 49.29577464788733 0
1759917969046 50.0 0
1759917970268 50.68493150684932 0
1759917971437 51.35135135135135 0
1759917972599 50.66666666666667 0
1759917973739 50.0 0
1759917974835 49.35064935064935 0
1759917976023 50.0 0
1759917977175 50.63291139240506 0
1759917978270 51.24999999999999 0
1759917979428 51.85185185185185 0
1759917980575 52.4390243902439 0
1759917981768 53.01204819277109 0
1759917983198 53.57142857142857 0
1759917984392 54.11764705882353 0
1759917985641 54.65116279069767 0
1759917986804 55.172413793103445 0
1759917988010 55.68181818181818 0
1759917989155 55.0561797752809 0
1759917990301 54.44444444444444 0
1759917991486 53.84615384615385 0
1759917992642 53.2608695652174 0
1759917993877 52.68817204301075 0
1759917995039 52.12765957446809 0
1759917996169 51.578947368421055 0
1759917997490 51.041666666666664 0
1759917998629 50.51546391752577 0
1759917999784 50.0 0
1759918001021 49.494949494949495 0
1759918002232 49.0 0
1759918003384 48.51485148514851 0
1759918004535 49.01960784313725 0
1759918005699 48.54368932038835 0
1759918006871 48.07692307692308 0
1759918008079 47.61904761904761 0
1759918009237 47.16981132075472 0
1759918010434 46.728971962616825 0
1759918011624 46.2962962962963 0
1759918012935 45.87155963302752 0
1759918014113 45.45454545454545 0
1759918015335 45.04504504504504 0
1759918016520 44.642857142857146 0
1759918017681 44.24778761061947 0
1759918018864 44.73684210526316 0
1759918020073 45.21739130434783 0
1759918021228 45.689655172413794 0
1759918022422 46.15384615384615 0
1759918023652 45.76271186440678 0
1759918024853 45.378151260504204 0
1759918026053 45.83333333333333 0
1759918027469 46.28099173553719 0
1759918028678 46.72131147540984 0
1759918029853 47.15447154471545 0
1759918031074 47.58064516129033 0
1759918032273 48.0 0
1759918033473 48.41269841269841 0
1759918034700 48.818897637795274 0
1759918035881 48.4375 0
1759918037048 48.06201550387597 0
1759918038258 47.69230769230769 0
1759918039577 47.32824427480916 0
1759918041239 46.96969696969697 0
