1759917885020 0.0 0
1759917886150 0.0 0
1759917887677 0.0 0
1759917888735 0.0 0
1759917889820 0.0 0
1759917890890 0.0 0
1759917892503 0.0 0
1759917893604 0.0 0
1759917894663 0.0 0
1759917895742 0.0 0
1759917896889 0.0 0
1759917898109 0.0 0
1759917899527 0.0 0
1759917900782 0.0 0
1759917902113 0.0 0
1759917903311 0.0 0
1759917904452 0.0 0
1759917905564 0.0 0
1759917906929 0.0 0
1759917908030 0.0 0
1759917909119 0.0 0
1759917910167 0.0 0
1759917911237 0.0 0
1759917912293 0.0 0
1759917913358 0.0 0
1759917914472 0.0 0
1759917915559 0.0 0
1759917916618 0.0 0
1759917917786 0.0 0
1759917918936 0.0 0
1759917920081 0.0 0
1759917921189 0.0 0
1759917922481 0.0 0
1759917923597 0.0 0
1759917924796 0.0 0
1759917925942 0.0 0
1759917927050 0.0 0
1759917928200 0.0 0
1759917929274 0.0 0
1759917930384 0.0 0
1759917931492 0.0 0
1759917932601 0.0 0
1759917933687 0.0 0
1759917934768 0.0 0
1759917935844 0.0 0
1759917937172 0.0 0
1759917938297 0.0 0
1759917939397 0.0 0
1759917940591 0.0 0
1759917941699 0.0 0
1759917942830 0.0 0
1759917944006 0.0 0
1759917945160 0.0 0
1759917946355 0.0 0
1759917947420 0.0 0
1759917948514 0.0 0
1759917949643 0.0 0
1759917950767 0.0 0
1759917952053 0.0 0
1759917953327 0.0 0
1759917954681 0.0 0
1759917956006 0.0 0
1759917957306 0.0 0
1759917958767 0.0 0
1759917960085 0.0 0
1759917961358 0.0 0
1759917962595 0.0 0
1759917963976 0.0 0
1759917965238 0.0 0
1759917966452 0.0 0
1759917967873 0.0 0
1759917969151 0.0 0
1759917970367 0.0 0
1759917971541 0.0 0
1759917972694 0.0 0
1759917973834 0.0 0
1759917974939 0.0 0
1759917976126 0.0 0
1759917977274 0.0 0
1759917978365 0.0 0
1759917979524 0.0 0
1759917980670 0.0 0
1759917981976 0.0 0
1759917983301 0.0 0
1759917984495 0.0 0
1759917985743 0.0 0
1759917986901 0.0 0
1759917988113 0.0 0
1759917989255 0.0 0
1759917990397 0.0 0
1759917991582 0.0 0
1759917992750 0.0 0
1759917993983 0.0 0
1759917995139 0.0 0
1759917996271 0.0 0
1759917997588 0.0 0
1759917998739 0.0 0
1759917999897 0.0 0
1759918001138 0.0 0
1759918002342 0.0 0
1759918003488 0.0 0
1759918004634 0.0 0
1759918005815 0.0 0
1759918006978 0.0 0
1759918008189 0.0 0
1759918009340 0.0 0
1759918010538 0.0 0
1759918011725 0.0 0
1759918013046 0.0 0
1759918014219 0.0 0
1759918015440 0.0 0
1759918016624 0.0 0
1759918017788 0.0 0
1759918018966 0.0 0
1759918020178 0.0 0
1759918021334 0.0 0
1759918022527 0.0 0
1759918023756 0.0 0
1759918024959 0.0 0
1759918026155 0.0 0
1759918027596 0.0 0
1759918028787 0.0 0
1759918029962 0.0 0
1759918031180 0.0 0
1759918032379 0.0 0
1759918033583 0.0 0
1759918034806 0.0 0
1759918035985 0.0 0
1759918037150 0.0 0
1759918038362 0.0 0
1759918039680 0.0 0
1759918041672 0.0 0
