1759917884984 0.0 0
1759917886103 0.0 0
1759917887634 0.0 0
1759917888693 0.0 0
1759917889776 0.0 0
1759917890847 0.0 0
1759917892454 0.0 0
1759917893555 0.0 0
1759917894620 0.0 0
1759917895695 0.0 0
1759917896841 0.0 0
1759917898055 0.0 0
1759917899472 0.0 0
1759917900731 0.0 0
1759917902056 0.0 0
1759917903264 0.0 0
1759917904406 0.0 0
1759917905521 0.0 0
1759917906862 0.0 0
1759917907986 0.0 0
1759917909078 0.0 0
1759917910122 0.0 0
1759917911194 0.0 0
1759917912247 0.0 0
1759917913313 0.0 0
1759917914425 0.0 0
1759917915515 0.0 0
1759917916573 0.0 0
1759917917735 0.0 0
1759917918891 0.0 0
1759917920033 0.0 0
1759917921143 0.0 0
1759917922435 0.0 0
1759917923550 0.0 0
1759917924749 0.0 0
1759917925897 0.0 0
1759917927006 0.0 0
1759917928153 0.0 0
1759917929230 0.0 0
1759917930335 0.0 0
1759917931448 0.0 0
1759917932545 0.0 0
1759917933641 0.0 0
1759917934723 0.0 0
1759917935798 0.0 0
1759917937115 0.0 0
1759917938253 0.0 0
1759917939353 0.0 0
1759917940546 0.0 0
1759917941651 0.0 0
1759917942786 0.0 0
1759917943952 0.0 0
1759917945111 0.0 0
1759917946308 0.0 0
1759917947373 0.0 0
1759917948467 0.0 0
1759917949596 0.0 0
1759917950716 0.0 0
1759917951995 0.0 0
1759917953279 0.0 0
1759917954626 0.0 0
1759917955952 0.0 0
1759917957251 0.0 0
1759917958715 0.0 0
1759917960033 0.0 0
1759917961302 0.0 0
1759917962547 0.0 0
1759917963910 0.0 0
1759917965187 0.0 0
1759917966402 0.0 0
1759917967823 0.0 0
1759917969101 0.0 0
1759917970316 0.0 0
1759917971490 0.0 0
1759917972647 1.3333333333333335 0
1759917973787 1.3157894736842104 0
1759917974884 1.2987012987012987 0
1759917976074 1.282051282051282 0
1759917977223 1.2658227848101267 0
1759917978317 1.25 0
1759917979476 1.2345679012345678 0
1759917980623 1.2195121951219512 0
1759917981910 1.2048192771084338 0
1759917983248 1.1904761904761905 0
1759917984444 1.1764705882352942 0
1759917985692 1.1627906976744187 0
1759917986853 1.1494252873563218 0
1759917988060 1.1363636363636365 0
1759917989207 1.1235955056179776 0
1759917990348 1.1111111111111112 0
1759917991534 1.098901098901099 0
1759917992696 1.0869565217391304 0
1759917993929 1.0752688172043012 0
1759917995091 1.0638297872340425 0
1759917996220 1.0526315789473684 0
1759917997539 1.0416666666666665 0
1759917998689 1.0309278350515463 0
1759917999842 1.0204081632653061 0
1759918001084 1.0101010101010102 0
1759918002288 1.0 0
1759918003437 0.9900990099009901 0
1759918004583 0.9803921568627451 0
1759918005755 0.9708737864077669 0
1759918006924 0.9615384615384616 0
1759918008135 0.9523809523809524 0
1759918009289 0.9433962264150944 0
1759918010486 0.9345794392523363 0
1759918011674 0.9259259259259258 0
1759918012988 0.9174311926605505 0
1759918014166 0.9090909090909091 0
1759918015388 0.9009009009009009 0
1759918016571 0.8928571428571428 0
1759918017733 0.8849557522123894 0
1759918018915 0.8771929824561403 0
1759918020127 0.8695652173913043 0
1759918021283 0.8620689655172413 0
1759918022475 0.8547008547008548 0
1759918023705 0.847457627118644 0
1759918024908 0.8403361344537815 0
1759918026105 0.8333333333333334 0
1759918027533 0.8264462809917356 0
1759918028736 0.819672131147541 0
1759918029908 0.8130081300813009 0
1759918031131 0.8064516129032258 0
1759918032327 0.8 0
1759918033526 0.7936507936507936 0
1759918034753 0.7874015748031495 0
1759918035932 0.78125 0
1759918037098 0.7751937984496124 0
1759918038311 0.7692307692307693 0
1759918039629 0.7633587786259541 0
1759918041367 0.7575757575757576 0
