1759917885174 200.0 1
1759917886339 203.0 2
1759917887862 206.0 3
1759917888911 212.0 4
1759917889995 213.0 5
1759917891073 218.0 6
1759917892700 225.0 7
1759917893780 234.0 8
1759917894851 239.0 9
1759917895941 241.0 10
1759917897090 244.0 11
1759917898312 247.0 12
1759917899748 256.0 13
1759917900984 268.0 14
1759917902324 272.0 15
1759917903501 283.0 16
1759917904632 279.0 17
1759917905746 291.0 18
1759917907175 291.0 19
1759917908210 295.0 20
1759917909303 290.0 21
1759917910356 325.0 22
1759917911419 321.0 23
1759917912482 325.0 24
1759917913538 116.0 25
1759917914665 116.0 26
1759917915740 127.0 27
1759917916807 133.0 28
1759917917970 134.0 29
1759917919125 139.0 30
1759917920267 146.0 31
1759917921381 152.0 32
1759917922669 154.0 33
1759917923788 165.0 34
1759917924996 168.0 35
1759917926148 181.0 36
1759917927234 182.0 37
1759917928377 191.0 38
1759917929463 197.0 39
1759917930579 203.0 40
1759917931672 210.0 41
1759917932802 218.0 42
1759917933873 222.0 43
1759917934959 224.0 44
1759917936038 226.0 45
1759917937378 212.0 46
1759917938482 229.0 47
1759917939601 217.0 48
1759917940787 114.0 49
1759917941889 247.0 50
1759917943030 123.0 51
1759917944204 274.0 52
1759917945366 283.0 53
1759917946551 289.0 54
1759917947607 296.0 55
1759917948710 312.0 56
1759917949839 322.0 57
1759917950957 155.0 58
1759917952297 353.0 59
1759917953587 339.0 60
1759917954939 142.0 61
1759917956242 344.0 62
1759917957542 351.0 63
1759917959056 350.0 64
1759917960295 349.0 65
1759917961572 353.0 66
1759917962805 351.0 67
1759917964212 353.0 68
1759917965443 356.0 69
1759917966690 356.0 70
1759917968082 347.0 71
1759917969372 353.0 72
1759917970562 347.0 73
1759917971746 353.0 74
1759917972889 349.0 75
1759917974034 108.0 76
1759917975139 112.0 77
1759917976330 115.0 78
1759917977469 110.0 79
1759917978573 119.0 80
1759917979730 122.0 81
1759917980866 131.0 82
1759917982256 126.0 83
1759917983508 132.0 84
1759917984715 186.0 85
1759917985941 193.0 86
1759917987108 145.0 87
1759917988317 205.0 88
1759917989462 154.0 89
1759917990614 154.0 90
1759917991786 221.0 91
1759917992960 154.0 92
1759917994189 228.0 93
1759917995345 227.0 94
1759917996491 227.0 95
1759917997790 227.0 96
1759917998942 219.0 97
1759918000136 119.0 98
1759918001356 117.0 99
1759918002543 114.0 100
1759918003689 117.0 101
1759918004854 116.0 102
1759918006035 121.0 103
1759918007187 123.0 104
1759918008392 124.0 105
1759918009544 138.0 106
1759918010742 131.0 107
1759918012025 135.0 108
1759918013263 137.0 109
1759918014434 141.0 110
1759918015647 144.0 111
1759918016838 151.0 112
1759918017996 157.0 113
1759918019174 168.0 114
1759918020390 173.0 115
1759918021535 170.0 116
1759918022754 184.0 117
1759918023970 177.0 118
1759918025163 183.0 119
1759918026360 191.0 120
1759918027805 206.0 121
1759918028995 214.0 122
1759918030173 221.0 123
1759918031397 228.0 124
1759918032590 235.0 125
1759918033814 233.0 126
1759918035014 227.0 127
1759918036198 94.0 128
1759918037365 96.0 129
1759918038662 101.0 130
1759918039894 101.0 131
1759918041985 106.0 132
