1759917885235 31027.0 1
1759917886383 30577.0 2
1759917887907 31785.0 3
1759917888952 33502.0 4
1759917890041 33270.0 5
1759917891121 33722.0 6
1759917892750 35813.0 7
1759917893823 38132.0 8
1759917894894 39053.0 9
1759917895988 38740.0 10
1759917897138 39665.0 11
1759917898365 40718.0 12
1759917899798 40435.0 13
1759917901033 40928.0 14
1759917902376 40924.0 15
1759917903547 40680.0 16
1759917904675 36339.0 17
1759917905789 34693.0 18
1759917907226 26449.0 19
1759917908253 23391.0 20
1759917909346 18734.0 21
1759917910400 27196.0 22
1759917911465 20437.0 23
1759917912526 19801.0 24
1759917913582 18101.0 25
1759917914711 18404.0 26
1759917915784 19326.0 27
1759917916860 19923.0 28
1759917918019 20258.0 29
1759917919171 20787.0 30
1759917920314 21205.0 31
1759917921426 21590.0 32
1759917922714 22354.0 33
1759917923835 23461.0 34
1759917925041 24635.0 35
1759917926192 25335.0 36
1759917927280 26608.0 37
1759917928422 28171.0 38
1759917929509 28055.0 39
1759917930623 29624.0 40
1759917931716 29663.0 41
1759917932846 29601.0 42
1759917933921 28555.0 43
1759917935005 26064.0 44
1759917936084 23148.0 45
1759917937430 18481.0 46
1759917938532 21418.0 47
1759917939652 16383.0 48
1759917940836 16741.0 49
1759917941935 17788.0 50
1759917943081 18672.0 51
1759917944250 20345.0 52
1759917945412 20900.0 53
1759917946597 21660.0 54
1759917947657 22617.0 55
1759917948756 24405.0 56
1759917949885 24896.0 57
1759917951006 25534.0 58
1759917952356 27032.0 59
1759917953653 25926.0 60
1759917955002 25286.0 61
1759917956294 26815.0 62
1759917957638 27249.0 63
1759917959124 26554.0 64
1759917960344 25537.0 65
1759917961621 25598.0 66
1759917962856 25097.0 67
1759917964266 22592.0 68
1759917965492 21156.0 69
1759917966826 19222.0 70
1759917968152 17200.0 71
1759917969421 16285.0 72
1759917970616 11202.0 73
1759917971797 9228.0 74
1759917972938 6647.0 75
1759917974083 7989.0 76
1759917975187 7590.0 77
1759917976379 6195.0 78
1759917977517 5378.0 79
1759917978622 5401.0 80
1759917979777 4878.0 81
1759917980914 5932.0 82
1759917982336 5471.0 83
1759917983560 5778.0 84
1759917984773 6491.0 85
1759917985992 6773.0 86
1759917987160 6263.0 87
1759917988367 6753.0 88
1759917989513 7130.0 89
1759917990662 7847.0 90
1759917991836 9484.0 91
1759917993020 8959.0 92
1759917994239 9517.0 93
1759917995397 8479.0 94
1759917996539 8374.0 95
1759917997839 8158.0 96
1759917998990 7939.0 97
1759918000189 7141.0 98
1759918001408 7103.0 99
1759918002594 7287.0 100
1759918003737 7551.0 101
1759918004908 6829.0 102
1759918006092 7912.0 103
1759918007239 7439.0 104
1759918008441 7960.0 105
1759918009602 8309.0 106
1759918010793 8738.0 107
1759918012081 9465.0 108
1759918013320 9780.0 109
1759918014488 9813.0 110
1759918015698 9957.0 111
1759918016888 11156.0 112
1759918018054 11333.0 113
1759918019224 11332.0 114
1759918020440 11906.0 115
1759918021585 11917.0 116
1759918022810 12840.0 117
1759918024026 13675.0 118
1759918025214 14651.0 119
1759918026411 14139.0 120
1759918027857 15196.0 121
1759918029046 17164.0 122
1759918030234 17511.0 123
1759918031451 18016.0 124
1759918032641 19694.0 125
1759918033876 20478.0 126
1759918035067 21292.0 127
1759918036249 20778.0 128
1759918037424 21653.0 129
1759918038742 22397.0 130
1759918039947 23574.0 131
1759918042046 25546.0 132
