1759917885095 31027.0 1
1759917886254 30577.0 2
1759917887772 31785.0 3
1759917888825 33502.0 4
1759917889911 33270.0 5
1759917890979 33722.0 6
1759917892603 35813.0 7
1759917893691 38132.0 8
1759917894758 39053.0 9
1759917895841 38740.0 10
1759917896985 39665.0 11
1759917898210 40718.0 12
1759917899646 40435.0 13
1759917900880 40928.0 14
1759917902223 40924.0 15
1759917903402 40680.0 16
1759917904540 36339.0 17
1759917905651 34693.0 18
1759917907054 26449.0 19
1759917908120 23391.0 20
1759917909208 18734.0 21
1759917910260 27196.0 22
1759917911325 20437.0 23
1759917912389 19801.0 24
1759917913449 18101.0 25
1759917914576 18404.0 26
1759917915647 19326.0 27
1759917916705 19923.0 28
1759917917876 20258.0 29
1759917919034 20787.0 30
1759917920171 21205.0 31
1759917921282 21590.0 32
1759917922576 22354.0 33
1759917923690 23461.0 34
1759917924894 24635.0 35
1759917926049 25335.0 36
1759917927140 26608.0 37
1759917928289 28171.0 38
1759917929364 28055.0 39
1759917930479 29624.0 40
1759917931578 29663.0 41
1759917932706 29601.0 42
1759917933774 28555.0 43
1759917934865 26064.0 44
1759917935937 23148.0 45
1759917937277 18481.0 46
1759917938386 21418.0 47
1759917939492 16383.0 48
1759917940686 16741.0 49
1759917941791 17788.0 50
1759917942929 18672.0 51
1759917944109 20345.0 52
1759917945263 20900.0 53
1759917946448 21660.0 54
1759917947512 22617.0 55
1759917948614 24405.0 56
1759917949733 24896.0 57
1759917950860 25534.0 58
1759917952173 27032.0 59
1759917953460 25926.0 60
1759917954822 25286.0 61
1759917956123 26815.0 62
1759917957428 27249.0 63
1759917958928 26554.0 64
1759917960188 25537.0 65
1759917961466 25598.0 66
1759917962701 25097.0 67
1759917964095 22592.0 68
1759917965344 21156.0 69
1759917966561 19222.0 70
1759917967978 17200.0 71
1759917969260 16285.0 72
1759917970462 11202.0 73
1759917971643 9228.0 74
1759917972787 6647.0 75
1759917973930 7989.0 76
1759917975044 7590.0 77
1759917976227 6195.0 78
1759917977373 5378.0 79
1759917978467 5401.0 80
1759917979627 4878.0 81
1759917980765 5932.0 82
1759917982102 5471.0 83
1759917983404 5778.0 84
1759917984600 6491.0 85
1759917985840 6773.0 86
1759917987004 6263.0 87
1759917988214 6753.0 88
1759917989355 7130.0 89
1759917990509 7847.0 90
1759917991680 9484.0 91
1759917992862 8959.0 92
1759917994090 9517.0 93
1759917995240 8479.0 94
1759917996379 8374.0 95
1759917997692 8158.0 96
1759917998841 7939.0 97
1759918000026 7141.0 98
1759918001250 7103.0 99
1759918002442 7287.0 100
1759918003591 7551.0 101
1759918004743 6829.0 102
1759918005931 7912.0 103
1759918007082 7439.0 104
1759918008294 7960.0 105
1759918009437 8309.0 106
1759918010641 8738.0 107
1759918011908 9465.0 108
1759918013155 9780.0 109
1759918014328 9813.0 110
1759918015543 9957.0 111
1759918016736 11156.0 112
1759918017890 11333.0 113
1759918019069 11332.0 114
1759918020281 11906.0 115
1759918021435 11917.0 116
1759918022646 12840.0 117
1759918023862 13675.0 118
1759918025061 14651.0 119
1759918026257 14139.0 120
1759918027699 15196.0 121
1759918028892 17164.0 122
1759918030071 17511.0 123
1759918031288 18016.0 124
1759918032487 19694.0 125
1759918033704 20478.0 126
1759918034910 21292.0 127
1759918036094 20778.0 128
1759918037255 21653.0 129
1759918038481 22397.0 130
1759918039781 23574.0 131
1759918041857 25546.0 132
