1759917885135 484.0 1
1759917886298 487.0 2
1759917887819 504.0 3
1759917888867 511.0 4
1759917889953 514.0 5
1759917891022 522.0 6
1759917892654 536.0 7
1759917893738 551.0 8
1759917894805 561.0 9
1759917895893 566.0 10
1759917897039 587.0 11
1759917898261 589.0 12
1759917899699 589.0 13
1759917900934 584.0 14
1759917902272 572.0 15
1759917903449 559.0 16
1759917904586 624.0 17
1759917905698 514.0 18
1759917907120 612.0 19
1759917908168 606.0 20
1759917909257 579.0 21
1759917910311 612.0 22
1759917911372 584.0 23
1759917912436 592.0 24
1759917913493 376.0 25
1759917914620 376.0 26
1759917915693 374.0 27
1759917916756 376.0 28
1759917917922 381.0 29
1759917919081 384.0 30
1759917920220 386.0 31
1759917921331 379.0 32
1759917922623 394.0 33
1759917923743 394.0 34
1759917924944 404.0 35
1759917926098 406.0 36
1759917927188 414.0 37
1759917928333 424.0 38
1759917929412 416.0 39
1759917930534 416.0 40
1759917931625 406.0 41
1759917932757 396.0 42
1759917933824 382.0 43
1759917934912 364.0 44
1759917935986 341.0 45
1759917937326 319.0 46
1759917938435 324.0 47
1759917939544 274.0 48
1759917940735 184.0 49
1759917941842 439.0 50
1759917942980 199.0 51
1759917944159 449.0 52
1759917945318 452.0 53
1759917946502 452.0 54
1759917947557 461.0 55
1759917948663 472.0 56
1759917949784 474.0 57
1759917950908 224.0 58
1759917952231 497.0 59
1759917953529 504.0 60
1759917954878 229.0 61
1759917956185 527.0 62
1759917957478 544.0 63
1759917958994 561.0 64
1759917960242 564.0 65
1759917961517 582.0 66
1759917962753 597.0 67
1759917964149 602.0 68
1759917965393 587.0 69
1759917966620 587.0 70
1759917968029 592.0 71
1759917969317 592.0 72
1759917970511 564.0 73
1759917971697 539.0 74
1759917972841 452.0 75
1759917973985 434.0 76
1759917975092 444.0 77
1759917976282 426.0 78
1759917977419 419.0 79
1759917978524 411.0 80
1759917979680 404.0 81
1759917980819 414.0 82
1759917982175 411.0 83
1759917983457 419.0 84
1759917984655 417.0 85
1759917985893 429.0 86
1759917987056 437.0 87
1759917988265 429.0 88
1759917989410 447.0 89
1759917990563 462.0 90
1759917991735 477.0 91
1759917992912 484.0 92
1759917994139 486.0 93
1759917995295 469.0 94
1759917996434 477.0 95
1759917997740 472.0 96
1759917998894 474.0 97
1759918000080 306.0 98
1759918001304 309.0 99
1759918002491 314.0 100
1759918003641 304.0 101
1759918004797 281.0 102
1759918005983 304.0 103
1759918007135 289.0 104
1759918008343 317.0 105
1759918009489 319.0 106
1759918010691 314.0 107
1759918011970 336.0 108
1759918013207 329.0 109
1759918014382 327.0 110
1759918015595 324.0 111
1759918016788 339.0 112
1759918017943 342.0 113
1759918019123 334.0 114
1759918020338 344.0 115
1759918021485 332.0 116
1759918022702 347.0 117
1759918023916 359.0 118
1759918025113 371.0 119
1759918026310 319.0 120
1759918027751 339.0 121
1759918028945 386.0 122
1759918030120 349.0 123
1759918031343 354.0 124
1759918032539 381.0 125
1759918033758 391.0 126
1759918034963 399.0 127
1759918036146 297.0 128
1759918037310 307.0 129
1759918038580 299.0 130
1759918039837 302.0 131
1759918041927 314.0 132
