1759917885057 1.0 1
1759917886206 2.0 2
1759917887722 3.0 3
1759917888781 4.0 4
1759917889862 5.0 5
1759917890934 6.0 6
1759917892552 7.0 7
1759917893649 8.0 8
1759917894709 9.0 9
1759917895795 10.0 10
1759917896936 11.0 11
1759917898158 12.0 12
1759917899587 13.0 13
1759917900831 14.0 14
1759917902172 15.0 15
1759917903358 16.0 16
1759917904496 17.0 17
1759917905608 18.0 18
1759917906988 19.0 19
1759917908077 20.0 20
1759917909163 21.0 21
1759917910215 22.0 22
1759917911281 23.0 23
1759917912340 24.0 24
1759917913403 25.0 25
1759917914524 26.0 26
1759917915604 27.0 27
1759917916660 28.0 28
1759917917830 29.0 29
1759917918981 30.0 30
1759917920126 31.0 31
1759917921239 32.0 32
1759917922527 33.0 33
1759917923644 34.0 34
1759917924843 35.0 35
1759917925989 36.0 36
1759917927096 37.0 37
1759917928245 38.0 38
1759917929319 39.0 39
1759917930431 40.0 40
1759917931535 41.0 41
1759917932652 42.0 42
1759917933729 43.0 43
1759917934817 44.0 44
1759917935890 45.0 45
1759917937225 46.0 46
1759917938343 47.0 47
1759917939444 48.0 48
1759917940636 49.0 49
1759917941745 50.0 50
1759917942879 51.0 51
1759917944063 52.0 52
1759917945212 53.0 53
1759917946402 54.0 54
1759917947466 55.0 55
1759917948566 56.0 56
1759917949687 57.0 57
1759917950813 58.0 58
1759917952109 59.0 59
1759917953399 60.0 60
1759917954747 61.0 61
1759917956066 62.0 62
1759917957368 63.0 63
1759917958843 64.0 64
1759917960136 65.0 65
1759917961411 66.0 66
1759917962650 67.0 67
1759917964039 68.0 68
1759917965293 69.0 69
1759917966502 70.0 70
1759917967928 71.0 71
1759917969209 72.0 72
1759917970415 73.0 73
1759917971592 74.0 74
1759917972741 75.0 75
1759917973882 76.0 76
1759917974991 77.0 77
1759917976176 78.0 78
1759917977323 79.0 79
1759917978414 80.0 80
1759917979574 81.0 81
1759917980718 82.0 82
1759917982039 83.0 83
1759917983352 84.0 84
1759917984548 85.0 85
1759917985791 86.0 86
1759917986950 87.0 87
1759917988162 88.0 88
1759917989305 89.0 89
1759917990449 90.0 90
1759917991630 91.0 91
1759917992810 92.0 92
1759917994038 93.0 93
1759917995188 94.0 94
1759917996325 95.0 95
1759917997638 96.0 96
1759917998789 97.0 97
1759917999960 98.0 98
1759918001194 99.0 99
1759918002392 100.0 100
1759918003540 101.0 101
1759918004684 102.0 102
1759918005876 103.0 103
1759918007033 104.0 104
1759918008242 105.0 105
1759918009389 106.0 106
1759918010588 107.0 107
1759918011776 108.0 108
1759918013102 109.0 109
1759918014274 110.0 110
1759918015491 111.0 111
1759918016679 112.0 112
1759918017840 113.0 113
1759918019015 114.0 114
1759918020229 115.0 115
1759918021385 116.0 116
1759918022586 117.0 117
1759918023809 118.0 118
1759918025010 119.0 119
1759918026206 120.0 120
1759918027648 121.0 121
1759918028839 122.0 122
1759918030014 123.0 123
1759918031235 124.0 124
1759918032432 125.0 125
1759918033644 126.0 126
1759918034858 127.0 127
1759918036038 128.0 128
1759918037202 129.0 129
1759918038419 130.0 130
1759918039730 131.0 131
1759918041777 132.0 132
