1760598338639 13.46657986111111 1
1760598340012 13.27126736111111 2
1760598341190 13.795572916666668 3
1760598342318 14.54079861111111 4
1760598343534 14.440104166666668 5
1760598344680 14.636284722222223 6
1760598345809 15.543836805555555 7
1760598346970 16.55034722222222 8
1760598348737 16.950086805555557 9
1760598350136 16.81423611111111 10
1760598351342 17.215711805555557 11
1760598352604 17.672743055555557 12
1760598353791 17.549913194444443 13
1760598355004 17.76388888888889 14
1760598356187 17.76215277777778 15
1760598357378 17.65625 16
1760598358771 15.772135416666666 17
1760598360132 15.057725694444443 18
1760598361463 11.479600694444445 19
1760598362721 10.15234375 20
1760598364752 8.13107638888889 21
