1760598338427 31027.0 1
1760598339792 30577.0 2
1760598341000 31785.0 3
1760598342134 33502.0 4
1760598343325 33270.0 5
1760598344496 33722.0 6
1760598345615 35813.0 7
1760598346789 38132.0 8
1760598348175 39053.0 9
1760598349941 38740.0 10
1760598351157 39665.0 11
1760598352399 40718.0 12
1760598353589 40435.0 13
1760598354804 40928.0 14
1760598355980 40924.0 15
1760598357186 40680.0 16
1760598358537 36339.0 17
1760598359920 34693.0 18
1760598361245 26449.0 19
1760598362502 23391.0 20
1760598364549 18734.0 21
