1760598338580 31027.0 1
1760598339960 30577.0 2
1760598341146 31785.0 3
1760598342274 33502.0 4
1760598343474 33270.0 5
1760598344636 33722.0 6
1760598345761 35813.0 7
1760598346926 38132.0 8
1760598348594 39053.0 9
1760598350087 38740.0 10
1760598351296 39665.0 11
1760598352548 40718.0 12
1760598353741 40435.0 13
1760598354949 40928.0 14
1760598356131 40924.0 15
1760598357328 40680.0 16
1760598358719 36339.0 17
1760598360084 34693.0 18
1760598361405 26449.0 19
1760598362668 23391.0 20
1760598364699 18734.0 21
